8.000000000000000167e-02
1.000000000000000056e-01
3.400000000000000244e-01
4.000000000000000222e-01
4.400000000000000022e-01
3.599999999999999867e-01
5.400000000000000355e-01
6.600000000000000311e-01
6.800000000000000488e-01
6.800000000000000488e-01
4.799999999999999822e-01
8.000000000000000444e-01
7.399999999999999911e-01
6.400000000000000133e-01
6.400000000000000133e-01
7.600000000000000089e-01
7.399999999999999911e-01
8.199999999999999512e-01
7.800000000000000266e-01
6.600000000000000311e-01
7.199999999999999734e-01
7.800000000000000266e-01
8.199999999999999512e-01
8.800000000000000044e-01
8.399999999999999689e-01
8.399999999999999689e-01
9.000000000000000222e-01
7.600000000000000089e-01
7.800000000000000266e-01
8.399999999999999689e-01
8.800000000000000044e-01
9.200000000000000400e-01
8.000000000000000444e-01
8.000000000000000444e-01
9.200000000000000400e-01
8.800000000000000044e-01
8.000000000000000444e-01
8.800000000000000044e-01
9.399999999999999467e-01
9.000000000000000222e-01
7.800000000000000266e-01
9.000000000000000222e-01
8.199999999999999512e-01
8.599999999999999867e-01
9.200000000000000400e-01
8.800000000000000044e-01
7.600000000000000089e-01
9.799999999999999822e-01
9.000000000000000222e-01
8.800000000000000044e-01
8.800000000000000044e-01
9.799999999999999822e-01
9.599999999999999645e-01
8.199999999999999512e-01
9.200000000000000400e-01
8.199999999999999512e-01
9.599999999999999645e-01
9.200000000000000400e-01
9.200000000000000400e-01
8.199999999999999512e-01
8.800000000000000044e-01
9.200000000000000400e-01
9.399999999999999467e-01
9.399999999999999467e-01
9.000000000000000222e-01
9.399999999999999467e-01
9.399999999999999467e-01
8.800000000000000044e-01
9.200000000000000400e-01
9.200000000000000400e-01
9.399999999999999467e-01
8.599999999999999867e-01
8.800000000000000044e-01
9.000000000000000222e-01
9.599999999999999645e-01
9.200000000000000400e-01
9.599999999999999645e-01
9.599999999999999645e-01
8.800000000000000044e-01
9.399999999999999467e-01
9.000000000000000222e-01
8.599999999999999867e-01
9.200000000000000400e-01
9.399999999999999467e-01
8.800000000000000044e-01
8.399999999999999689e-01
9.200000000000000400e-01
8.800000000000000044e-01
9.599999999999999645e-01
9.200000000000000400e-01
9.200000000000000400e-01
9.000000000000000222e-01
9.799999999999999822e-01
9.599999999999999645e-01
8.800000000000000044e-01
8.800000000000000044e-01
9.000000000000000222e-01
9.200000000000000400e-01
9.399999999999999467e-01
8.599999999999999867e-01
9.399999999999999467e-01
9.399999999999999467e-01
1.000000000000000000e+00
9.399999999999999467e-01
9.599999999999999645e-01
9.000000000000000222e-01
9.200000000000000400e-01
9.000000000000000222e-01
9.399999999999999467e-01
9.599999999999999645e-01
8.599999999999999867e-01
9.000000000000000222e-01
9.799999999999999822e-01
9.000000000000000222e-01
9.799999999999999822e-01
9.599999999999999645e-01
8.199999999999999512e-01
9.399999999999999467e-01
9.200000000000000400e-01
9.200000000000000400e-01
9.000000000000000222e-01
9.799999999999999822e-01
8.800000000000000044e-01
9.200000000000000400e-01
8.599999999999999867e-01
8.800000000000000044e-01
8.800000000000000044e-01
8.399999999999999689e-01
8.599999999999999867e-01
9.399999999999999467e-01
9.200000000000000400e-01
9.000000000000000222e-01
8.800000000000000044e-01
9.799999999999999822e-01
8.599999999999999867e-01
9.399999999999999467e-01
9.200000000000000400e-01
9.599999999999999645e-01
9.399999999999999467e-01
9.799999999999999822e-01
8.599999999999999867e-01
9.799999999999999822e-01
9.399999999999999467e-01
9.000000000000000222e-01
9.000000000000000222e-01
9.200000000000000400e-01
9.000000000000000222e-01
9.599999999999999645e-01
8.800000000000000044e-01
9.200000000000000400e-01
9.399999999999999467e-01
9.200000000000000400e-01
9.000000000000000222e-01
9.399999999999999467e-01
9.799999999999999822e-01
9.599999999999999645e-01
9.200000000000000400e-01
9.599999999999999645e-01
9.399999999999999467e-01
8.800000000000000044e-01
8.599999999999999867e-01
9.399999999999999467e-01
8.399999999999999689e-01
8.800000000000000044e-01
9.000000000000000222e-01
9.200000000000000400e-01
9.200000000000000400e-01
1.000000000000000000e+00
9.599999999999999645e-01
9.200000000000000400e-01
9.799999999999999822e-01
9.000000000000000222e-01
8.800000000000000044e-01
9.200000000000000400e-01
9.599999999999999645e-01
9.200000000000000400e-01
9.799999999999999822e-01
9.000000000000000222e-01
9.599999999999999645e-01
9.399999999999999467e-01
9.000000000000000222e-01
9.599999999999999645e-01
9.200000000000000400e-01
9.000000000000000222e-01
9.200000000000000400e-01
1.000000000000000000e+00
8.800000000000000044e-01
9.399999999999999467e-01
9.399999999999999467e-01
9.399999999999999467e-01
9.599999999999999645e-01
8.800000000000000044e-01
9.399999999999999467e-01
9.200000000000000400e-01
9.399999999999999467e-01
9.599999999999999645e-01
9.799999999999999822e-01
9.200000000000000400e-01
9.799999999999999822e-01
9.000000000000000222e-01
