2.743921756744384766e+00
2.487901687622070312e+00
2.290887355804443359e+00
2.002924680709838867e+00
1.752415060997009277e+00
1.717575669288635254e+00
1.419606685638427734e+00
9.595298767089843750e-01
9.408395290374755859e-01
1.121289849281311035e+00
1.386784076690673828e+00
7.984092235565185547e-01
8.568379282951354980e-01
7.985566854476928711e-01
9.557955861091613770e-01
7.781782746315002441e-01
8.489028215408325195e-01
5.925221443176269531e-01
1.035962104797363281e+00
1.084903120994567871e+00
8.180692195892333984e-01
7.785816788673400879e-01
6.143161058425903320e-01
3.586119413375854492e-01
5.473045110702514648e-01
6.771141290664672852e-01
4.247579276561737061e-01
7.847635746002197266e-01
6.157378554344177246e-01
5.834528207778930664e-01
4.552739858627319336e-01
3.626348078250885010e-01
5.439441800117492676e-01
6.882321834564208984e-01
3.514280021190643311e-01
4.660584330558776855e-01
6.205409169197082520e-01
4.130679368972778320e-01
3.025019466876983643e-01
4.558948576450347900e-01
6.994659900665283203e-01
3.441257178783416748e-01
5.284579396247863770e-01
5.766566991806030273e-01
3.024874627590179443e-01
4.219827651977539062e-01
6.334279775619506836e-01
2.674203813076019287e-01
3.536267876625061035e-01
4.319422245025634766e-01
5.974172353744506836e-01
1.401137113571166992e-01
1.344692409038543701e-01
4.737811386585235596e-01
2.426300644874572754e-01
4.521594941616058350e-01
3.583093881607055664e-01
3.301035165786743164e-01
2.962781786918640137e-01
4.547632634639739990e-01
3.620010018348693848e-01
3.712747097015380859e-01
2.128819972276687622e-01
3.046301007270812988e-01
3.130753040313720703e-01
2.347507923841476440e-01
1.908093839883804321e-01
4.454901218414306641e-01
3.167673647403717041e-01
4.412187337875366211e-01
3.071975409984588623e-01
4.387883841991424561e-01
3.093415498733520508e-01
2.872420549392700195e-01
2.258114665746688843e-01
3.402343690395355225e-01
1.607622355222702026e-01
2.045462280511856079e-01
4.604452550411224365e-01
3.559921979904174805e-01
3.432734608650207520e-01
3.821744918823242188e-01
3.404338955879211426e-01
1.623090356588363647e-01
5.526666045188903809e-01
4.606425464153289795e-01
2.702891528606414795e-01
2.855702638626098633e-01
1.297956705093383789e-01
2.904811501502990723e-01
2.535669207572937012e-01
4.028047919273376465e-01
1.182473301887512207e-01
9.796991199254989624e-02
1.913551390171051025e-01
3.421446979045867920e-01
4.676641225814819336e-01
3.270209431648254395e-01
1.276652663946151733e-01
3.835954964160919189e-01
2.376578152179718018e-01
1.609500497579574585e-01
4.412288963794708252e-02
2.609254419803619385e-01
1.333492994308471680e-01
2.253181636333465576e-01
2.628512978553771973e-01
3.214010298252105713e-01
3.515575826168060303e-01
1.192556470632553101e-01
4.672497510910034180e-01
3.556285798549652100e-01
7.552786916494369507e-02
4.318503439426422119e-01
1.583721488714218140e-01
1.091489046812057495e-01
4.440388083457946777e-01
1.931762695312500000e-01
2.138251513242721558e-01
3.773610293865203857e-01
4.200555384159088135e-01
1.348477751016616821e-01
3.557545840740203857e-01
1.856380254030227661e-01
4.784602224826812744e-01
3.231114149093627930e-01
4.115467071533203125e-01
4.698984026908874512e-01
4.178272485733032227e-01
1.998336464166641235e-01
2.317778468132019043e-01
2.251244038343429565e-01
3.362141847610473633e-01
7.817067205905914307e-02
3.553457558155059814e-01
1.543188691139221191e-01
1.567534059286117554e-01
1.220536604523658752e-01
2.882516980171203613e-01
7.997129857540130615e-02
4.559772610664367676e-01
1.052107810974121094e-01
1.552394330501556396e-01
3.358708918094635010e-01
2.506651878356933594e-01
2.419760823249816895e-01
2.656909227371215820e-01
1.659678965806961060e-01
3.391310870647430420e-01
3.022053837776184082e-01
2.616792619228363037e-01
2.202138900756835938e-01
3.641808331012725830e-01
2.611719965934753418e-01
8.601587265729904175e-02
8.408119529485702515e-02
2.786801159381866455e-01
1.950798779726028442e-01
2.418170720338821411e-01
3.374236226081848145e-01
3.384646475315093994e-01
1.565709859132766724e-01
4.859600067138671875e-01
2.487273812294006348e-01
3.347853720188140869e-01
2.541103661060333252e-01
3.793964385986328125e-01
3.974661976099014282e-02
1.378387063741683960e-01
2.318840622901916504e-01
1.123436167836189270e-01
2.399833649396896362e-01
3.860729634761810303e-01
1.777907758951187134e-01
1.168413162231445312e-01
3.283324539661407471e-01
1.358002573251724243e-01
3.747046589851379395e-01
1.241622567176818848e-01
2.449499964714050293e-01
2.434594780206680298e-01
1.841946840286254883e-01
2.550390958786010742e-01
2.443602383136749268e-01
2.281749844551086426e-01
7.720892876386642456e-02
5.270981788635253906e-01
2.482923120260238647e-01
3.706173300743103027e-01
2.051774263381958008e-01
1.608695983886718750e-01
2.945000529289245605e-01
1.612905561923980713e-01
4.214466810226440430e-01
3.171041607856750488e-01
1.565902382135391235e-01
1.000351682305335999e-01
3.100445568561553955e-01
1.606589853763580322e-01
2.992983162403106689e-01
